606            470
763           1006
725            779
635            395
687            535
445           1297
726            292
116           1136
727            283
322            194
881           1587
301            270
239            914
694           1512
752           1645
134           1570
249            697
547            699
400           1317
691             11
794            295
662            608
873           1012
486            810
140            128
835           1731
170            333
131           1113
56             509
426            721
552            259
850            458
814           1255
730              0
857            350
417           1019
253            303
506           1091
316           1478
741            646
559           1500
327            343
749            145
12            1711
405           1247
816           1222
213           1718
679            814
207           1647
169           1467
699           1542
84             992
604            918
179            582
627            335
228           1363
822           1394
871           1635
332           1235
475            475
830            626
853           1175
513            771
667           1593
746            924
693            750
787           1158
318           1155
541           1556
106           1435
865            352
734            764
196            800
256            462
203            563
384            370
824           1370
183            979
450            267
852            515
500            882
877            561
848            326
282             16
453           1193
706           1415
661             84
336            584
389           1659
300           1275
859           1615
7              571
27             274
512           1081
696            691
469            218
251            704
887           1541
553           1381
266            945
529           1710
382            304
81            1690
611           1067
778            408
110           1327
195            168
733           1717
768            425
578             86
566            687
847           1078
810           1294
590           1484
167            247
287           1560
807           1226
460            174
467             59
129            454
199           1722
831            226
634            740
566            688
601            490
44             847
820            709
617             40
315            956
421           1171
795            893
671            238
755           1623
314           1426
805            441
515            547
49             271
674           1401
541           1557
340           1319
97             207
465            315
183            980
883            990
449           1122
135           1390
824           1372
259           1745
452            166
740            405
475            476
54            1180
443            982
163            871
474           1349
861           1451
599            841
793           1440
780            113
703           1494
675           1166
533           1517
819            417
726            290
538           1181
294           1703
793           1438
427           1057
290            285
129            455
141           1272
862            587
554           1351
252            418
774            234
