544             57
722           1163
583           1722
936            482
70            1835
932            416
940            799
959           1710
187           1779
685           1633
744           1096
189            265
511           1743
182           1082
128            209
910            322
281            854
862            935
732            459
780           1068
543           1844
863            233
915           1380
73             644
884           1136
834            891
534           1431
594           1795
610           1177
872           1718
270           1412
630           1038
780           1065
241            467
494            886
477           1295
758           1057
772           1798
106             50
134            887
384           1326
411           1698
910            323
52            1015
767            193
514           1048
825            733
819           1630
960            408
175            762
661             35
463           1410
831           1240
898           1429
528            412
618           1170
89             264
836           1561
476            299
154           1004
895            732
844           1759
121           1387
623            745
470             92
715           1377
919           1889
823           1501
542           1496
857           1801
834            890
730            612
962           1875
138            746
746           1233
240           1547
407           1157
234           1479
607           1469
775           1678
488            171
349            385
429            405
325           1563
133            715
410           1523
863            235
425           1355
733            839
885           1311
193            772
861           1494
834            892
647            389
680           1042
181            707
426             45
770            104
662            112
142           1226
500            358
694           1533
651              8
623            744
883            972
295            858
865           1905
0              566
628           1582
806            267
845           1262
958           1080
948           1707
167           1461
673            355
795            757
260           1656
490           1403
943           1439
374           1001
425           1354
773           1849
314           1225
277           1243
961           1672
737             82
115            814
443            610
689            955
403            795
688            947
961           1670
586            282
840            432
558            967
237           1908
391           1868
54             158
452           1872
278            196
866            872
909           1383
699           1010
955           1685
169            122
837           1392
312            429
438           1688
416            637
309            763
729            126
707            802
932            415
454           1054
19             189
636           1209
553            180
327           1857
950            503
578           1325
389           1424
104            773
955           1686
551           1189
1               28
923           1810
146           1291
747           1443
720           1024
290           1444
44             648
608            873
502            784
213            129
190           1593
740            499
363            624
90             317
845           1264
88             761
904             54
771            672
936            478
621             21
283           1402
699           1011
497            595
253             91
555           1060
871           1334
42             367
529            462
129            522
634            825
296           1000
752            226
91             565
568            393
921             77
126           1551
617            897
670           1365
433           1278
566             30
412            537
618           1171
876           1584
684           1824
947           1768
803            748
701            469
771            670
181            708
179           1879
30             519
331            880
503           1220
726           1319
549            608
586            281
778           1197
924            776
95            1448
514           1047
242           1550
389           1425
672            351
217            446
880            502
384           1327
476            301
826           1112
925            961
872           1719
840            433
713            718
643           1761
150            202
661             36
437           1160
228            430
764            396
739           1781
840            434
544             56
799           1297
666            674
421            966
850           1282
748           1213
878            400
741            731
717            534
954           1255
269           1344
845           1261
619           1229
327           1859
342             99
402           1193
352            994
24             739
321           1204
392           1006
770            103
844           1757
3             1349
592           1362
956            652
857           1803
913            350
330            809
650           1113
151           1700
722           1164
696            340
507           1090
21             368
387            797
348            259
598            338
137            582
944           1249
430           1109
930            867
736            894
475           1102
710           1853
513            345
612            305
64            1108
845           1263
198            631
850           1286
144            455
424           1180
280            625
347           1515
782           1705
820            782
552           1195
343           1323
802           1272
435           1147
824           1300
215            643
722           1162
817            141
565            296
947           1767
194           1289
876           1587
554            928
667            248
823           1502
528            413
784           1608
361            848
531           1821
397            337
702           1252
449            526
796           1751
491           1031
201           1594
455            313
305            664
112           1456
305            667
514           1046
367             16
696            339
564           1612
220            978
941           1453
897           1118
276            950
884           1135
535             95
431            592
522           1642
690            245
240           1546
252            156
812           1787
719            641
762            186
193            771
595           1129
223            211
928           1036
656            704
225           1124
602           1526
586            285
765            692
165            589
154           1003
605           1863
937            965
9              738
108           1363
879           1406
124            542
859            573
698            728
779           1244
56            1574
548            635
108           1364
589            286
107            860
386             64
888           1511
350            269
386             65
927            206
789            622
111           1854
592           1360
919           1890
178            262
927            207
318           1541
533            726
126           1552
334             25
199            440
74            1143
771            671
901           1414
286            510
821           1616
173           1161
680           1041
491           1033
265            494
377           1415
871           1337
383            111
651              7
587            277
316            658
281            853
212           1120
249           1239
855           1556
473           1059
408            511
945            491
93            1777
793            808
715           1376
949           1572
593            493
816           1826
332           1086
619           1231
531           1819
641           1021
502            785
687           1149
580            229
817            144
45            1653
737             84
548            634
441            290
682            383
294           1389
15            1073
374           1002
614            342
448            151
909           1384
499            221
854            899
808           1695
707            804
174            399
601            910
523            102
365            304
140           1222
287            626
130           1134
81             332
197            496
493            447
640           1576
546           1530
176           1771
786            204
531           1820
560            780
282            444
848            214
390           1832
709            970
474            753
869            222
299           1641
480             76
893            372
648           1400
437           1159
67             515
775           1679
609           1604
163            524
352            995
364            513
626            454
11            1504
125            145
92             737
373           1901
357           1257
53            1909
489             39
378            236
803            747
75             642
854            900
86            1268
334             24
602           1527
581            318
784           1606
579            391
847           1746
211            765
269           1345
297           1661
622            629
248            263
744           1095
346            616
458            736
955           1683
898           1427
791           1303
2             1682
362           1808
919           1888
390           1833
326            541
614            343
533            725
414           1726
893            371
872           1717
835            161
99            1838
325           1562
638            388
794           1513
734            532
578           1324
706           1651
626            452
446           1732
85            1396
703            832
500            359
353           1224
810           1597
587            276
359            194
851            527
365            303
695           1122
428           1417
596           1145
612            307
757            474
951             48
777           1785
873            464
96             679
650           1114
361            849
616           1472
101           1070
816           1825
950            506
544             58
502            786
191           1579
732            458
427            456
178            261
346            614
944           1247
741            730
915           1379
548            636
793            806
872           1716
31             549
789            621
728           1790
933            563
380            163
795            756
396           1520
442            312
394           1690
392           1005
300             47
493            448
177            334
292            213
738            927
136           1089
121           1388
48             604
870           1375
963           1125
279            680
616           1473
304           1739
349            600
335            605
826           1111
513            344
200            390
841           1903
272            953
465           1467
851            528
590           1014
892            219
428           1418
960            410
908            646
324            767
428           1420
688            949
766            920
846           1666
157           1343
323             69
619           1228
656            703
190           1592
908            645
320           1411
604            487
860           1174
708           1235
928           1035
609           1603
568            394
393            460
914             41
478            836
120            168
16            1865
833            618
295            859
824           1301
504            938
700           1422
72            1493
704           1462
858            437
289            166
472           1302
723           1322
566             31
360            567
495           1307
858            436
781           1648
172            227
838           1087
573           1331
738            926
5              548
119           1259
273           1398
543           1845
721            828
913            348
577            425
627            149
566             33
631            146
485           1475
869            223
755           1850
110            167
758           1056
612            308
103             26
419           1664
936            479
354           1265
897           1117
904             53
597           1063
644              9
466            133
575            320
600           1104
695           1121
158            553
697           1543
559            661
161            451
115            813
930            866
191           1578
483            273
161            450
532            246
849           1018
626            453
266           1565
910            321
963           1127
443            611
492            244
834            893
574             18
900           1273
688            948
288            653
836           1559
868            420
713            717
637           1369
145            842
301           1043
767            190
328            428
10             912
352            993
780           1067
4             1752
844           1758
941           1455
242           1548
587            278
795            758
938            952
492            242
594           1794
188            375
551           1186
577            426
817            142
17            1895
461            656
508           1669
783            370
112           1457
536           1681
653            696
453            188
321           1205
770            106
234           1480
932            418
134            888
714           1775
658            702
282            445
859            574
911           1509
891           1804
268             12
225           1123
364            514
267           1155
913            349
736            895
822           1755
832            924
905            577
920           1034
866            869
753           1168
67             517
547            175
837           1391
613           1753
564           1611
673            356
455            314
54             157
717            535
214           1634
885           1309
83             719
637           1370
210            398
81             331
831           1242
671           1773
542           1498
460             86
563            530
432            488
184            173
631            147
510            698
705            721
340            182
649            550
28            1399
712            253
522           1644
444              1
516           1745
303            353
712            254
700           1421
812           1789
862            933
445            902
456            685
317            659
224           1536
365            302
595           1128
132            997
571            239
333            984
567             42
685           1632
205              0
36              11
646           1600
442            310
791           1305
47             683
629            706
850           1285
501            539
729            124
509            801
206           1489
814            598
111           1855
302           1538
381            279
708           1237
768              4
890            544
262           1478
38             228
726           1318
327           1858
348            258
221            397
33             414
207           1246
58             834
877            752
222           1202
612            306
194           1288
457            176
480             74
950            504
555           1061
853            154
467           1076
213            130
391           1869
716            107
815           1897
13             354
67             518
735            673
584            521
960            407
541            723
293           1567
250           1615
784           1607
790           1830
538           1184
665            904
505           1816
429            404
257           1351
894           1487
888           1512
20             560
576           1737
738            925
628           1580
85            1397
864            990
866            871
921             78
585            249
729            123
488            169
772           1799
196           1173
46             185
878            401
759           1639
186            787
818            741
839           1141
748           1212
418            230
906            486
376           1459
620            558
444              2
577            424
530           1765
553            179
834            889
594           1797
829           1447
899             73
329            998
683            571
848            215
433           1279
550            326
759           1636
37            1776
525            945
720           1026
141            208
264            844
371           1341
883            973
192            381
561            712
903           1729
750           1133
226           1588
488            170
661             37
776            423
707            803
415           1381
363            623
773           1848
959           1711
876           1585
892            218
624            751
712            255
711            689
633             89
484            985
160           1017
168           1883
751            117
268             14
307           1357
80             584
264            845
195           1591
704           1464
793            805
382            790
470             94
183             97
782           1703
878            402
456            686
790           1829
744           1094
337           1598
943           1440
727            898
524            987
164           1887
792           1878
524            986
902            271
856            979
197            495
830           1153
683            570
319           1599
563            137
864            989
334             23
886            678
258           1395
513            346
808           1696
705            720
679             61
185           1706
590           1013
569           1702
275           1072
487            554
218            197
244           1882
153           1490
350            270
532            247
459             79
776            422
589            287
145            843
759           1640
451           1769
61            1081
475           1103
870           1374
824           1299
171            830
397            336
537            557
846           1667
148            856
871           1335
955           1684
802           1271
684           1822
496             22
644             10
818            740
530           1766
267           1154
655           1724
497            593
753           1169
865           1906
551           1188
872           1720
757            476
464             68
674           1347
402           1192
434            877
542           1497
198            632
668           1519
522           1643
354           1266
639           1836
156            693
912           1499
656            705
212           1119
259           1214
275           1071
445            903
756            471
242           1549
843           1372
963           1126
855           1555
815           1898
67             516
14             363
682            382
636           1207
388           1792
426             43
621             20
436           1846
749            373
725            812
719            639
399           1618
238           1877
570            561
903           1730
922            251
600           1105
353           1223
757            477
600           1106
807           1277
271           1885
565            295
152           1358
416            638
917            578
232           1783
751            118
603            384
551           1187
413           1339
510            699
171            829
63             816
668           1518
867            768
719            640
866            870
71             760
563            140
131           1007
900           1274
882            597
689            954
905            575
850           1284
546           1531
107            861
597           1064
471           1116
419           1665
652            911
400           1434
153           1491
657            291
936            480
504            939
396           1522
454           1053
123             38
718            128
428           1419
635           1843
935            864
26            1315
871           1336
521           1554
408            512
194           1287
563            139
159            851
516           1744
62            1532
763           1144
761           1674
165            590
202             88
940            800
672            352
750           1132
235            607
704           1463
830           1152
308           1749
118           1568
79            1503
285            975
529            463
684           1823
298           1780
932            417
332           1085
531           1818
602           1528
439            360
82             932
463           1409
151           1699
681           1839
442            311
757            475
6              162

887           1596
814            599
547            174
805            817
486           1051
434            875
229           1055
452           1873
479            435
582            907
522           1645
254           1313
291           1659
388           1793
538           1183
541            722
627            150
818            743
671           1774
957           1083
929            121
391           1867
731            507
813            547
67             543
793            807
521           1553
497            594
540           1039
117           1505
401           1506
711            688
310            201
147            374
494            884
310            200
156            694
708           1236
498           1629
674           1348
546           1529
875            847
702           1253
776            421
918           1861
653            697
7             1871
579            392
179           1880
84            1460
102            826
904             55
506            796
692            376
892            220
634            823
835            160
223            210
734            531
678           1524
922            250
801            992
498           1628
373           1899
823           1500
419           1663
233           1569
708           1238
430           1110
204           1190
889           1093
402           1191
917            579
713            716
829           1446
724            240
441            289
483            274
701            470
923           1809
820            783
489             40
59             852
747           1442
116           1196
480             75
646           1601
455            315
550            328
518            882
662            113
913            347
422           1815
624            750
786            205
525            944
746           1232
964            365
589            288
833            620
785           1483
843           1371
403            794
924            777
476            300
706           1652
562            260
388           1791
307           1356
358           1099
166            533
561            711
492            243
208            198
693           1474
777           1784
594           1796
268             13
710           1852
465           1468
635           1842
554            930
816           1827
956            650
952           1028
906            485
632           1614
504            937
743            152
865           1904
8              627
119           1260
291           1660
216            942
341           1437
730            613
486           1050
664            792
114            556
747           1441
641           1022
924            775
817            143
412            538
770            105
759           1638
651              6
678           1525
437           1158
135           1452
65             468
588           1495
253             90
566             32
782           1704
63             815
599           1537
754            131
478            835
818            742
475           1101
349            602
880            501
718            127
654           1281
195           1590
468            585
276            951
481           1714
519            442
375            581
740            500
293           1566
952           1027
540           1040
76             959
689            956
493            449
159            850
512           1433
155            908
367             15
961           1673
414           1727
935            862
609           1602
788            135
756            472
850           1283
839           1140
219           1740
324            766
302           1539
563            138
781           1646
962           1876
858            439
100           1482
754            132
643           1762
405            523
56            1575
628           1581
788            136
375            580
686            378
122           1516
557            917
369           1812
366            669
222           1201
356           1130
674           1346
60             915
72            1492
