714           1661
138           1032
712            345
850            493
579            640
353           1643
745           1235
771           1683
547            506
737           1048
526           1754
242            361
564           1637
655           1369
723            338
432            471
600            803
545            412
642            272
277           1783
748           1234
792            373
642            274
518           1363
396            577
826            887
555            661
654            828
587            180
868           1580
791           1562
659           1075
577            863
323            129
4             1253
764            914
511            791
274            158
833            840
465           1328
200            837
533           1599
393           1498
762            949
38            1277
123           1254
432            467
612           1322
502            826
741            438
404           1196
763           1172
866            147
359           1262
308            996
472           1559
96            1654
390            961
442            699
760           1222
495            886
646           1086
313            574
640            548
330           1533
506            897
760           1221
829           1761
139            679
544           1305
798           1093
358            141
808           1063
222            134
503            516
865            700
556            795
82             742
565            391
570            939
580            520
771           1682
863           1341
225            442
493             96
743            435
305           1298
766              4
822           1400
689             46
63             598
368           1155
127            751
618           1131
653            849
637            326
476            428
524           1125
616            461
814           1712
865            701
554            764
530            203
194           1338
690           1475
730           1448
659           1074
622            248
490            944
739            400
722            934
757            782
853           1615
665           1372
139            678
645           1549
684           1481
323            127
582           1703
811           1688
578            277
512            965
3             1648
772            231
804           1538
642            273
372           1444
747            723
69               3
302           1145
189           1159
833            843
403           1162
211            120
175            246
243           1392
787            303
637            327
806           1588
842           1245
282             89
819           1381
772            235
849           1038
568            932
197           1469
553            801
493             97
178            257
387           1360
493             95
633             80
753            747
417           1735
146           1749
617            793
432            470
444           1215
648            410
131           1292
563            582
528            599
693           1504
101            544
161            567
738           1176
628            857
49            1492
621            458
869            618
452            960
386            858
483           1330
723            337
176            878
72            1157
523            197
286           1115
589            306
780           1531
603            860
682            237
134            739
304           1483
719            523
526           1755
407            846
272           1377
205           1459
760           1181
179             61
494           1619
427           1350
63             597
40            1247
172           1716
321            851
876            479
574            676
66            1280
57            1542
285            688
815           1420
77             892
581           1653
681           1724
432            469
765            190
411           1307
521            406
786           1141
486           1126
172           1717

850            494
399            561
798           1094
846            665
778           1268
657             75
777             33
541           1226
254           1182
648            409
88             347
309            757
192            799
681           1723
540           1095
549             40
777             30
781           1512
446           1415
850            496
343            320
270            595
748           1233
574           1604
418           1667
371           1741
578            279
14            1101
811           1690
67             513
806           1590
703            541
137            648
408            166
65            1417
795            335
590           1399
382            728
493             94
854           1283
183            779
428             85
344            907
623           1134
600            804
402            429
414           1008
490            945
227            638
666             77
417            384
426            149
61             652
419           1698
155           1740
462           1427
749            786
264            122
811           1691
607            635
438           1714
268            315
636           1100
793           1736
721           1212
282             91
521            407
627           1627
856           1284
461           1205
551            227
111            183
768           1080
398            455
578            278
224            172
383            877
79             295
545            414
832            717
711            568
545           1041
504            265
121           1746
846            663
440           1003
347           1289
457            104
80            1138
611             22
276            532
575            111
89             556
726           1530
202           1267
166              8
164            533
2               19
589            307
764            916
273           1763
302           1146
574            673
692           1596
747            725
106            817
567            990
863           1339
391            895
644             56
328            872
93            1184
636           1099
666           1051
779           1276
838           1709
667            958
679            653
695            146
580            519
831           1493
755            371
81             650
701           1111
25            1745
835            311
659           1073
421           1337
178            258
263            408
494           1617
271           1671
428             84
321            852
502            825
271           1672
214           1285
236            151
141           1021
620           1652
191           1000
234            266
693           1503
94             260
845            995
450           1320
437           1684
506            899
836           1680
803           1178
595            617
513            131
770            187
316            867
174           1083
759            816
688           1721
133           1300
560           1004
127            752
285            689
693           1502
251           1757
235           1486
527            213
5             1405
592            820
449            710
570            935
584           1525
417           1732
629            714
381            805
869            619
851            683
833            841
330           1534
709           1424
249            501
353           1642
28            1458
378           1742
395            681
836            119
702            927
180           1102
809            351
448             54
230           1478
578            276
717            359
643           1430
287           1043
574            482
481            526
410            490
645           1547
158           1346
616            463
350           1630
616            460
91            1216
153            642
621            457
353           1641
307           1521
269            610
519             57
181            869
345           1335
496            192
393           1497
504            262
679            654
227           1591
389             26
453            776
571            771
546           1169
314            329
259           1353
406           1191
728            210
505            592
11             287
49            1491
170            396
647           1266
552            832
655           1366
510            557
690           1477
630           1143
447            153
91             707
109             27
289           1378
665           1371
831           1496
520           1009
859            243
802           1516
810             12
301           1632
208           1413
862            108
777             32
155           1738
250            922
327            920
730           1450
608            626
214           1287
215           1423
788            537
293            986
433             79
239            865
336            422
810             13
870           1119
859            244
48             241
218           1342
574            481
809            352
792            376
721           1213
485           1699
794            983
762            951
585            549
645           1548
566           1374
600            802
279           1383
739            402
560           1005
524           1124
504            263
292           1523
441            911
148            671
708           1701
864           1187
609            308
121            449
544           1304
861           1070
166              9
698           1153
331           1664
457            103
405             50
539            813
310             72
373            580
624            940
478            472
426            150
625            978
535            417
487           1470
379           1249
191            999
121           1747
820           1152
680            658
861           1069
526            165
189           1158
350           1629
93            1183
494           1616
716            466
375           1149
96            1655
245            323
583           1112
409           1076
91            1103
634           1606
468           1730
650            223
422            649
580            518
193             34
539            814
685            957
656           1066
158           1347
731           1662
349            585
135            668
771           1681
546           1170
656           1067
474            297
47             882
430            436
423           1778
403           1673
550           1220
206            850
269            612
784            745
167           1031
279           1384
384            709
290           1293
434           1128
634           1607
351            404
508           1096
796           1578
296            903
526           1756
724            607
735           1358
487           1471
688           1718
755            370
846            664
669           1106
681           1725
832            719
615           1574
773            514
541           1224
357             93
779           1273
348            753
635            280
870           1117
530            204
506            898
762            948
612           1323
529            112
90             286
445           1556
51            1418
465           1329
335           1255
559            759
219           1658
555            660
356           1620
726           1529
174           1081
859            242
836           1678
549             39
168           1436
633             82
680            655
196            454
201            566
558            292
279           1382
199            354
507            769
355           1290
356            870
293            985
377             35
595            615
611             24
203            755
345           1336
186            510
328            871
274            157
227           1592
283           1208
286           1116
749            784
389             25
768           1079
219           1657
432            468
788            536
482           1281
871           1410
789            448
41             546
598           1635
187            760
248           1251
779           1275
855            883
632            810
497           1317
294            601
510            558
396            576
697            349
773            515
124            603
157           1473
703            543
244            554
653            848
238           1601
342           1023
240           1595
567            989
488           1261
408            168
469            379
498           1510
666           1052
319           1453
744            738
413            289
561              0
366           1185
718            485
527            211
156            680
149            698
75            1773
687            732
287           1042
117            444
192            797
689             48
375           1148
501           1057
55            1385
500            330
207           1139
532           1308
573            378
666           1053
719            524
200            838
614           1566
818            399
317           1451
694           1302
824            316
806           1587
76             488
280           1147
429           1250
283           1209
542            893
519             58
823            704
805            535
606            982
179             60
382            729
746           1200
479           1612
410            491
6              182
408            971
99             142
525           1586
29            1232
170            395
380           1462
417            385
528            600
471             15
833            842
83             552
125           1197
72            1156
306            593
687            735
806           1589
675           1518
588            366
691           1650
673           1240
767           1218
635            281
291           1545
813            630
624            943
661           1016
838           1707
682            238
104           1513
606            981
774            713
826            888
59              74
84            1056
570            938
24            1194
545           1040
556            796
778           1269
821           1460
865            703
457            105
663            780
823            705
378           1743
755            369
186            509
665           1370
417            383
794            984
793           1737
645           1546
447            156
324            214
258            823
333             66
551            228
727            381
710            475
142           1142
245            325
414           1007
434           1130
700           1610
589            305
649            164
729            625
870           1120
518           1361
723            336
287           1044
772            234
253           1388
113            220
171            140
356           1621
831           1495
831           1494
720            114
450           1321
585            550
174           1082
870           1118
114            226
777             31
75            1774
184            392
590           1397
264            124
840            659
535            418
562            328
266              7
376            929
817           1017
484           1457
675            731
388           1334
666           1055
655           1368
439            507
76             487
190           1584
315           1303
74             737
732            646
683             68
235           1485
337           1252
826            889
605           1695
785            787
276            530
112            116
260           1767
372           1443
360           1238
403           1675
849           1039
103           1030
711            569
250            923
375           1150
374           1500
27            1207
226           1570
586            224
480           1108
394           1019
867           1416
237            133
223            572
813            628
215           1422
671           1431
494           1618
220            219
177           1364
90             285
185           1352
687            733
417           1734
851            687
515            644
295            431
15             573
177           1365
245            324
666           1054
174           1084
627           1625
34             340
852           1315
804           1537
91            1104
519             59
700           1609
696            952
208           1412
597           1271
816           1645
830            721
752            106
165            206
9              651
8             1059
654            827
39             809
807            502
654            830
213           1514
343            319
716            465
677            215
652            716
326           1551
871           1408
545            415
813            629
354            584
424            159
715            906
460            697
728            208
37              64
641           1244
304           1484
848           1264
95             459
236            152
824            318
140           1722
802           1515
436            590
296            902
674           1505
682            239
627           1624
388           1333
641           1243
592            821
685            955
417           1731
739            403
32             445
732            647
231            498
699            499
405             49
552            833
507            768
334           1230
352            364
699            500
62             179
578            275
547            504
297           1376
684           1479
414           1006
489            693
624            942
538            342
697            350
232           1161
386            859
326           1550
622            247
217            620
574            674
53             901
763           1171
133           1301
686            174
570            937
311           1318
281            185
547            505
809            353
785            790
247            202
615           1573
278           1135
672            188
644             55
638            268
319           1454
165            207
651           1687
448             51
676            890
466           1109
588            365
198           1656
737           1049
629            715
765            191
710            476
169            405
115           1753
409            581
264            125
177           1393
638            267
0              387
441            908
619           1433
506            896
449            711
741            439
718            484
497           1316
19            1037
583           1113
726           1527
144            137
493             99
172             87
257           1064
576           1571
877             20
20            1775
632            811
791           1563
566           1373
593           1211
476            426
515            645
828            946
576           1572
861           1071
588            368
182            634
323            128
341           1310
715            905
58             690
612           1324
444           1214
53             900
97             608
458           1557
357             92
10            1651
282             90
876            480
672            189
102           1133
401           1174
618           1132
253           1390
390            962
770            186
350           1628
435           1239
871           1406
780           1532
100            432
798           1092
572           1536
493             98
162           1490
687            734
475            571
35            1780
647           1265
470            117
482           1282
582           1702
525           1585
822           1401
590           1396
761            283
706            980
738           1175
247            201
453            775
817           1018
557           1327
680            657
332           1013
548             70
850            495
714           1659
177           1394
659           1072
750           1541
71            1468
847            160
451            363
792            374
728            209
399            559
838           1710
408            974
607            636
554            765
284           1258
252           1029
702            925
750           1540
21            1087
108            839
428             86
455           1575
312           1782
70             666
445           1555
788            538
767           1219
416            421
363            522
756             76
517            486
574            483
259           1354
52             928
669           1105
590           1398
483           1331
399            560
403           1676
183            778
668           1186
448             52
736            255
402            430
834            856
673           1241
412           1190
338           1769
588            367
46             772
410            492
136            132
587            181
416            420
173           1313
768           1078
746           1201
798           1091
625            976
688           1720
507            767
243           1391
607            637
107           1560
619           1434
100            433
441            909
507            770
583           1114
463            250
561              2
850            497
834            855
145            761
829           1760
871           1407
868           1581
599           1061
541            551
662            750
812           1507
574            677
844            100
779           1274
145            762
209            885
866            148
603            862
575            110
824            317
44             301
706            979
564           1636
712            346
675           1519
116            511
555            662
813            631
698           1154
825            393
734            740
675            730
783            807
158           1345
759            815
224            171
797           1565
204           1593
651           1686
726           1528
509             42
870           1121
708            968
664            512
509             43
543           1439
400            294
192            798
608            627
686            173
875            357
862            109
387           1359
785            788
591           1727
468           1729
489            695
757            783
596            356
273           1762
454           1751
557           1326
749            785
747            722
346           1467
871           1409
865            702
370            312
256             28
692           1598
677            216
221            578
548             71
447           1136
278           1758
154             45
370            313
586            225
649            163
655           1367
474            296
322           1764
604            195
265            854
595            616
676           1202
408            167
73            1697
695            145
743            434
572           1535
479           1613
822           1402
558            291
407            845
62             178
253           1389
491            446
536            633
394           1020
549             37
383            874
591           1728
574           1228
395            682
233            588
763           1173
689             47
553            800
404           1195
122           1295
152             62
730           1449
762            950
611             23
392            954
340           1440
835            310
774            712
367            969
242            362
568            931
378           1744
539            812
144            136
